image_width: 640
image_height: 480
camera_name: '192_168_1_200'
camera_matrix:
  rows: 3
  cols: 3
  data: [356.701822, 0.000000, 344.828810, 0.000000, 357.759788, 255.526257, 0.000000, 0.000000, 1.000000]
distortion_model: plumb_bob
distortion_coefficients:
  rows: 1
  cols: 5
  data: [-0.263302, 0.048532, 0.000093, 0.000476, 0.000000]
rectification_matrix:
  rows: 3
  cols: 3
  data: [1.000000, 0.000000, 0.000000, 0.000000, 1.000000, 0.000000, 0.000000, 0.000000, 1.000000]
projection_matrix:
  rows: 3
  cols: 4
  data: [250.967194, 0.000000, 366.087207, 0.000000, 0.000000, 304.636932, 261.979940, 0.000000, 0.000000, 0.000000, 1.000000, 0.000000]
